0.736
0.1696
0.8764
0.8076
0.2217
0.915
0.7225
0.2006
0.024
0.576
0.1776
0.1541
0.3746
0.0325
0.0562
0.1584
0.509
0.9081
0.4645
0.576
0.1776
0.1541
0.3746
0.0325
0.0562
0.1584
0.509
0.9081
0.4645
0.576
0.1776
0.1541
0.3746
0.0325
0.0562
0.1584
0.509
0.9081
0.4645
0.576
0.1776
0.1541
0.3746
0.0325
0.0562
0.1584
0.509
0.9081
0.4645
0.576
0.1776
0.1541
0.3746
0.0325
0.0562
0.1584
0.509
0.9081
0.4645
0.576
0.1776
0.1541
0.3746
0.0325
0.0562
0.1584
0.509
0.9081
0.4645
0.576
0.1776
0.1541
0.3746
0.0325
0.0562
0.1584
0.509
0.9081
0.4645
0.576
0.1776
0.1541
0.3746
0.0325
0.0562
0.1584
0.509
0.9081
0.4645
0.576
0.1776
0.1541
0.3746
0.0325
0.0562
0.1584
0.509
0.9081
0.4645
0.576
